# mass (kg)   x (m)       y (m)       z (m)       vx (m/s)    vy (m/s)    vz (m/s)    
+1.9890e+30 -0.0000e+00 +0.0000e+00 -0.0000e+00 -0.0000e+00 -0.0000e+00 +0.0000e+00
+1.9890e+20 -9.8471e+10 +1.9358e+10 -0.0000e+00 -7.0155e+03 -3.5687e+04 +1.4760e+03
+1.9890e+20 +9.2346e+09 +1.0289e+11 -0.0000e+00 -3.5704e+04 +3.2046e+03 -1.1354e+02
+1.9890e+20 +6.1308e+10 -9.1514e+10 +0.0000e+00 +2.8841e+04 +1.9321e+04 +1.1089e+03
+1.9890e+20 -5.5122e+10 -1.1849e+11 +0.0000e+00 +2.8897e+04 -1.3443e+04 -3.2428e+02
+1.9890e+20 -9.7365e+09 -4.8895e+10 +0.0000e+00 +5.0608e+04 -1.0078e+04 +5.7392e+02
+1.9890e+20 +6.9612e+10 +9.7390e+10 -0.0000e+00 -2.7091e+04 +1.9364e+04 -3.5236e+02
+1.9890e+20 -1.2054e+10 +7.5797e+10 -0.0000e+00 -4.1073e+04 -6.5318e+03 +1.3317e+03
+1.9890e+20 -4.4645e+10 -9.2515e+10 -0.0000e+00 +3.2376e+04 -1.5624e+04 -2.0415e+03
+1.9890e+20 +7.7028e+10 -1.0798e+10 -0.0000e+00 +5.7349e+03 +4.0912e+04 +9.5819e+02
+1.9890e+20 +1.7935e+10 -6.7177e+10 +0.0000e+00 +4.2216e+04 +1.1271e+04 -1.3686e+03
+1.9890e+20 -1.0058e+10 -5.0739e+10 -0.0000e+00 +4.9692e+04 -9.8503e+03 -8.3145e+02
+1.9890e+20 -2.6304e+10 +4.1710e+10 -0.0000e+00 -4.3886e+04 -2.7677e+04 -1.6728e+03
+1.9890e+20 +3.7472e+10 +3.2427e+10 +0.0000e+00 -3.3868e+04 +3.9138e+04 +1.0389e+03
+1.9890e+20 +1.2183e+11 +4.1004e+10 +0.0000e+00 -1.0250e+04 +3.0456e+04 -1.4658e+03
+1.9890e+20 -6.0153e+10 +9.3266e+10 -0.0000e+00 -2.9064e+04 -1.8745e+04 +1.3305e+03
+1.9890e+20 +1.0679e+11 -6.9437e+10 +0.0000e+00 +1.7598e+04 +2.7064e+04 -6.1854e+02
+1.9890e+20 +4.5713e+10 +2.1762e+10 +0.0000e+00 -2.2010e+04 +4.6234e+04 -2.1471e+02
+1.9890e+20 -3.4672e+10 +1.0491e+11 +0.0000e+00 -3.2911e+04 -1.0877e+04 +5.7536e+02
+1.9890e+20 +6.4650e+10 -3.6757e+10 +0.0000e+00 +2.0882e+04 +3.6728e+04 -2.5050e+02
+1.9890e+20 -7.8292e+10 -1.7517e+10 -0.0000e+00 +8.8815e+03 -3.9696e+04 -1.7289e+02
+1.9890e+20 +5.4753e+09 +1.3967e+11 +0.0000e+00 -3.0794e+04 +1.2072e+03 +3.5940e+01
+1.9890e+20 -8.0171e+10 -1.3212e+10 -0.0000e+00 +6.5723e+03 -3.9882e+04 -5.8221e+02
+1.9890e+20 +5.2154e+10 +5.9862e+10 +0.0000e+00 -3.0830e+04 +2.6861e+04 +6.5024e+02
+1.9890e+20 +9.5049e+10 -2.2050e+10 +0.0000e+00 +8.3355e+03 +3.5931e+04 +1.7242e+02
+1.9890e+20 -6.2564e+10 -1.6263e+10 -0.0000e+00 +1.1401e+04 -4.3858e+04 +4.4907e+02
+1.9890e+20 +6.7730e+10 -2.7174e+10 -0.0000e+00 +1.5881e+04 +3.9583e+04 +8.2004e+02
+1.9890e+20 -3.4099e+10 +1.2351e+11 +0.0000e+00 -3.1027e+04 -8.5662e+03 -1.0724e+02
+1.9890e+20 +1.0401e+11 -6.5872e+10 -0.0000e+00 +1.7569e+04 +2.7741e+04 +5.1348e+02
+1.9890e+20 +8.0057e+10 -6.7836e+10 +0.0000e+00 +2.2994e+04 +2.7136e+04 -1.0499e+03
