# mass (kg)   x (m)       y (m)       z (m)       vx (m/s)    vy (m/s)    vz (m/s)    
+8.9578e+26 +2.8266e+11 -2.0594e+10 +1.9373e+11 +4.3545e+03 -2.4201e+03 +2.0576e+03
+1.8091e+27 -1.8002e+11 -6.2671e+10 -1.0682e+10 +3.8438e+02 -4.4532e+02 -1.4427e+02
+1.2340e+28 +1.3486e+11 -2.9215e+09 +1.1423e+11 -9.9748e+02 +1.6206e+03 -5.4273e+02
+1.7787e+28 -9.9391e+10 -1.8227e+11 -2.3438e+10 +2.6249e+02 -1.0322e+03 +7.3818e+03
+3.8322e+27 -9.3062e+10 +2.4124e+10 -2.0581e+11 +1.8993e+03 -1.5433e+03 -5.4150e+03
+1.3872e+28 -1.4702e+11 -2.1906e+10 -1.9778e+11 +5.4509e+02 -1.9347e+03 +1.8789e+03
+1.6062e+28 +4.8638e+10 +1.8874e+11 -1.3295e+11 -3.4120e+03 +4.0735e+03 -1.7713e+02
+1.0332e+28 -2.6386e+10 +1.5742e+11 -7.1535e+10 +2.0595e+03 +1.0714e+03 +1.1510e+03
+1.7856e+28 +3.2173e+11 -8.9765e+10 -1.1194e+11 -4.7480e+03 -5.0304e+03 -3.8318e+03
+9.1528e+27 -1.6594e+11 -1.9562e+11 +1.9090e+10 -2.6984e+03 +1.7081e+03 +1.8977e+03
+1.8428e+28 +1.3148e+10 -3.1604e+10 +6.8915e+10 +7.2798e+01 -1.4286e+03 -1.2830e+03
+1.1377e+28 -4.4744e+10 -9.3231e+10 +3.3262e+09 -6.4775e+02 +2.0662e+03 -1.6387e+01
+1.3829e+28 -2.4643e+11 +9.7166e+10 +1.3254e+11 -2.8948e+03 +1.3778e+03 -4.8043e+03
+4.1640e+27 -1.1944e+11 +1.2252e+10 -6.5209e+10 -4.0666e+03 +2.6896e+03 +8.8396e+02
+1.8969e+28 -2.1385e+11 +1.4422e+10 -8.2030e+10 -8.9473e+02 +5.5531e+03 +2.5050e+02
+4.2869e+27 +9.6494e+10 -2.3104e+11 -1.5197e+09 +1.1556e+03 -3.9156e+03 -2.3986e+03
+9.4600e+27 -5.7349e+10 +6.4122e+10 +4.0196e+11 +2.0989e+03 -4.4985e+03 -5.9956e+03
+4.9680e+27 +5.1169e+10 +5.3427e+10 -2.2058e+11 +7.6704e+02 -2.6064e+02 -5.6186e+02
+1.4369e+28 +2.1290e+11 +3.1541e+11 +4.4750e+10 +3.9673e+03 -4.5006e+03 +3.0180e+02
+1.7779e+28 -1.0124e+11 -1.3204e+11 -1.0050e+11 +4.8545e+03 +5.4284e+02 +1.0682e+02
