# mass (kg)   x (m)       y (m)       z (m)       vx (m/s)    vy (m/s)    vz (m/s)    
+1.4789e+29 +9.9906e+10 -1.0382e+11 -8.7135e+09 -1.8809e+03 +2.2926e+03 +8.5521e+02
+1.6669e+29 +1.3132e+11 -1.5693e+10 -5.8393e+09 -1.9961e+03 +3.2573e+03 +3.1091e+02
+2.9089e+28 -3.3633e+10 -5.6142e+09 +2.8942e+10 +5.0193e+02 +1.8591e+02 +1.5195e+03
+1.4977e+28 -3.6086e+10 -1.4294e+11 +8.4436e+10 +9.3085e+02 -1.8055e+03 +4.6809e+03
+1.3725e+28 +7.0474e+10 -9.8563e+10 -1.3784e+11 +6.7726e+02 -9.1261e+02 -7.0265e+02
+1.0866e+29 +5.8531e+10 -3.1533e+10 +1.3559e+11 +1.0043e+03 +2.5348e+03 +2.0905e+03
+1.2275e+29 -7.2602e+10 -8.5813e+10 +2.4311e+10 +5.7830e+03 -1.3754e+02 +1.9628e+03
+7.9070e+28 -1.1529e+11 -1.1492e+11 -6.7810e+10 -1.9310e+03 +2.1528e+03 -1.4752e+03
+9.4335e+28 -4.7755e+09 +1.2030e+11 -6.2355e+10 -1.1858e+03 +9.2341e+02 +1.3255e+03
+4.2514e+28 +8.4779e+10 +5.8252e+10 -4.1564e+10 +2.9800e+03 -8.2683e+02 -1.7356e+03
+8.9066e+28 +6.4842e+10 +1.1665e+11 -7.0318e+10 -2.7274e+03 +4.7755e+03 +1.0885e+03
+9.4989e+28 -3.3935e+10 +4.5425e+09 -1.9272e+10 -4.9898e+02 -2.1073e+03 -9.8889e+02
+4.4524e+27 +1.3615e+11 -1.3329e+11 +1.3721e+11 -2.7802e+03 -8.1106e+02 +1.1790e+03
+1.3223e+29 -1.3368e+11 -1.4264e+11 +1.3230e+11 +2.1457e+03 -4.5103e+02 -2.6422e+02
+1.4939e+29 -8.2157e+10 +1.0270e+11 -9.8905e+10 +1.7957e+03 -1.2645e+03 +3.1110e+02
+1.1895e+29 +1.0845e+11 -5.4365e+10 +8.3738e+10 -1.2071e+03 -6.9234e+02 +7.3058e+02
+5.9208e+28 -3.8546e+10 -1.4946e+11 -9.1406e+10 -5.7341e+02 -1.6032e+03 -2.1514e+03
+4.9879e+28 -2.6266e+10 +7.0806e+09 -1.7215e+10 +2.0169e+03 +7.3457e+02 -3.4088e+03
+1.8457e+29 -1.2899e+11 -2.6116e+10 -1.0237e+11 -3.7714e+03 +2.1311e+03 +2.8300e+03
+8.0956e+28 -6.3694e+10 -9.0855e+10 -2.3887e+10 -9.9434e+02 +4.1804e+03 +3.2120e+03
+2.8931e+28 +1.1827e+11 -2.2000e+10 +4.0464e+10 -1.5654e+03 +3.2445e+02 -5.7638e+02
+1.2273e+29 +9.9981e+09 +1.0667e+11 +7.1893e+10 +2.1234e+03 -2.8404e+03 +1.0004e+03
+1.3513e+29 +9.5333e+10 -1.8753e+10 +3.0949e+10 -3.0860e+02 -4.1698e+03 +2.2655e+03
+1.7990e+29 -9.6974e+10 -1.2274e+11 +1.4714e+11 +2.6752e+03 -7.7880e+02 -2.8511e+03
+8.2137e+28 +3.4297e+10 -1.3579e+11 -2.3638e+10 +1.6526e+03 +2.5263e+03 -1.1877e+03
+5.2454e+28 -2.0060e+10 -2.6345e+10 -9.4328e+10 +2.4420e+03 +8.1283e+02 +2.7418e+02
+3.3768e+28 +5.9789e+10 -1.1200e+10 -3.6317e+10 -1.4366e+03 +2.5560e+03 -9.8372e+02
+2.5957e+28 +8.6958e+10 +7.0898e+10 +3.6641e+10 +3.4304e+01 +2.2346e+03 -2.0136e+03
+1.1159e+29 -1.4587e+11 -8.9541e+10 +6.5553e+10 +5.9952e+01 -5.2244e+01 -1.7223e+03
+1.7593e+29 +7.6249e+10 +8.9931e+09 -7.5748e+10 +1.8413e+02 -3.8258e+03 +2.7003e+03
