# mass (kg)   x (m)       y (m)       z (m)       vx (m/s)    vy (m/s)    vz (m/s)    
+1.9890e+28 -7.4800e+10 -7.4800e+10 -7.4800e+10 -7.7666e+02 +8.8111e+03 -3.6584e+03
+1.9890e+28 -7.4800e+10 -7.4800e+10 +0.0000e+00 -2.8865e+03 -1.0077e+04 -5.5811e+03
+1.9890e+28 -7.4800e+10 -7.4800e+10 +7.4800e+10 -3.6330e+03 -7.6655e+03 +6.1887e+03
+1.9890e+28 +0.0000e+00 -7.4800e+10 -7.4800e+10 +5.9092e+00 +5.3624e+03 +1.8864e+03
+1.9890e+28 +0.0000e+00 -7.4800e+10 +0.0000e+00 +8.2557e+02 +1.0439e+03 -5.8140e+03
+1.9890e+28 +0.0000e+00 -7.4800e+10 +7.4800e+10 +6.0208e+03 -2.6107e+03 +1.4013e+03
+1.9890e+28 +7.4800e+10 -7.4800e+10 -7.4800e+10 +1.5659e+03 +9.9368e+02 +2.7001e+03
+1.9890e+28 +7.4800e+10 -7.4800e+10 +0.0000e+00 +6.2383e+03 -1.0728e+03 -3.7483e+02
+1.9890e+28 +7.4800e+10 -7.4800e+10 +7.4800e+10 +4.5319e+03 +2.0973e+03 -3.2164e+03
+1.9890e+28 -7.4800e+10 +0.0000e+00 -7.4800e+10 +1.0126e+03 +1.1388e+03 +1.2373e+03
+1.9890e+28 -7.4800e+10 +0.0000e+00 +0.0000e+00 +1.2416e+03 +5.5550e+02 +1.8621e+03
+1.9890e+28 -7.4800e+10 +0.0000e+00 +7.4800e+10 +1.0588e+03 -7.7649e+03 -5.3042e+03
+1.9890e+28 +0.0000e+00 +0.0000e+00 -7.4800e+10 -3.4851e+03 -7.9961e+03 +6.8636e+03
+1.9890e+28 +0.0000e+00 +0.0000e+00 +0.0000e+00 +1.8227e+03 +2.4306e+03 -4.6634e+03
+1.9890e+28 +0.0000e+00 +0.0000e+00 +7.4800e+10 -1.2522e+04 -9.8386e+02 +4.8015e+03
+1.9890e+28 +7.4800e+10 +0.0000e+00 -7.4800e+10 -8.3108e+03 -2.2272e+03 -3.3959e+02
+1.9890e+28 +7.4800e+10 +0.0000e+00 +0.0000e+00 -9.5419e+03 +8.8091e+03 -2.4477e+03
+1.9890e+28 +7.4800e+10 +0.0000e+00 +7.4800e+10 -2.4797e+03 -3.8896e+03 -3.6790e+03
+1.9890e+28 -7.4800e+10 +7.4800e+10 -7.4800e+10 -1.0068e+04 +6.0101e+03 -7.2307e+03
+1.9890e+28 -7.4800e+10 +7.4800e+10 +0.0000e+00 -2.3443e+03 +5.3863e+03 +1.0208e+03
+1.9890e+28 -7.4800e+10 +7.4800e+10 +7.4800e+10 -8.1273e+03 +4.9067e+03 -4.5847e+03
+1.9890e+28 +0.0000e+00 +7.4800e+10 -7.4800e+10 -1.8122e+03 +4.6243e+03 -2.0697e+03
+1.9890e+28 +0.0000e+00 +7.4800e+10 +0.0000e+00 +7.1781e+03 -3.2225e+02 -2.5078e+03
+1.9890e+28 +0.0000e+00 +7.4800e+10 +7.4800e+10 +6.4798e+02 -2.7999e+03 +7.1012e+03
+1.9890e+28 +7.4800e+10 +7.4800e+10 -7.4800e+10 -4.1797e+03 -7.2803e+03 +1.6351e+03
+1.9890e+28 +7.4800e+10 +7.4800e+10 +0.0000e+00 -6.9254e+03 +4.4607e+03 +4.9289e+03
+1.9890e+28 +7.4800e+10 +7.4800e+10 +7.4800e+10 +7.2624e+02 -4.7709e+03 -5.5895e+03
